100
4 2
5 2
6 2
1000 1000
1000 1
651832 555974
835094 808085
1000000 509443
500000 131071
1000000 262143
593854 509486
1000000 127
1000000 524288
999999 127
795707 731660
2 1
1000000 499998
500000 262144
782505 644451
1000000 262144
500000 249998
753291 604930
1 1
500000 500000
312797 295291
1000000 524287
265315 210339
1000000 128
371279 306695
980098 923387
560184 439252
500000 237857
3 1
1000000 475713
999999 524288
500000 131072
500000 499999
1000000 999999
292311 291738
621831 541612
4 1
496564 395521
500000 2
999999 475712
605283 548605
636020 550193
999999 1
527152 487501
415560 385686
258225 218461
1000000 475712
877763 832500
999999 999999
1000000 1000000
1000000 473280
999999 128
999999 500987
500000 127
796658 738147
1000000 499999
999999 262143
500000 237856
926663 838636
3 2
999999 262144
1000000 2
5 1
999999 999998
288979 260622
500000 1
1000000 500000
999999 499997
922850 717953
1000000 1
415393 333045
258445 214700
999999 475711
999999 524287
265440 247313
997229 815297
2 2
884371 858639
999999 499999
999999 499998
500000 254067
500000 154724
638299 603759
500000 249999
500000 128
970329 949125
435107 388062
896597 729458
500000 250000
744932 676857
332129 267212
999999 395120
999999 2
717804 644049
500000 262143
747569 580108
