100
4 2
5 2
6 2
1000 1000
1000 1
999 499
454 352
2 1
5 1
565 483
949 883
1000 512
526 398
999 487
3 1
1000 256
999 999
614 586
830 741
999 256
999 498
500 128
999 301
724 611
493 411
810 792
500 2
500 255
749 581
1000 499
748 675
712 594
999 998
991 825
917 793
686 546
824 673
468 403
500 256
510 390
640 514
524 508
824 668
3 2
999 1
999 2
999 127
850 757
1 1
1000 510
1000 255
1000 511
1000 999
4 1
999 488
999 503
500 500
468 384
999 128
500 172
999 511
968 882
960 956
500 116
500 83
500 247
1000 498
999 497
500 248
1000 489
999 512
381 320
455 361
1000 287
500 245
878 706
1000 128
517 485
500 250
873 721
888 821
920 783
512 422
2 2
1000 2
500 127
500 1
1000 488
500 249
500 117
383 316
609 603
625 598
474 449
729 647
500 499
1000 127
999 255
1000 500
500 244
